{
 "cells": [
  {
   "cell_type": "markdown",
   "metadata": {},
   "source": [
    "# 4.6 선형대수"
   ]
  },
  {
   "cell_type": "code",
   "execution_count": 1,
   "metadata": {},
   "outputs": [],
   "source": [
    "import numpy as np"
   ]
  },
  {
   "cell_type": "code",
   "execution_count": 2,
   "metadata": {},
   "outputs": [],
   "source": [
    "x = np.array([[1.,2.,3.],[4.,5.,6.]])\n",
    "\n",
    "y = np.array([[6.,23.],[-1,7],[8,9]])"
   ]
  },
  {
   "cell_type": "code",
   "execution_count": 3,
   "metadata": {},
   "outputs": [
    {
     "data": {
      "text/plain": [
       "array([[1., 2., 3.],\n",
       "       [4., 5., 6.]])"
      ]
     },
     "execution_count": 3,
     "metadata": {},
     "output_type": "execute_result"
    }
   ],
   "source": [
    "x"
   ]
  },
  {
   "cell_type": "code",
   "execution_count": 4,
   "metadata": {},
   "outputs": [
    {
     "data": {
      "text/plain": [
       "array([[ 6., 23.],\n",
       "       [-1.,  7.],\n",
       "       [ 8.,  9.]])"
      ]
     },
     "execution_count": 4,
     "metadata": {},
     "output_type": "execute_result"
    }
   ],
   "source": [
    "y"
   ]
  },
  {
   "cell_type": "code",
   "execution_count": 5,
   "metadata": {},
   "outputs": [
    {
     "data": {
      "text/plain": [
       "array([[ 28.,  64.],\n",
       "       [ 67., 181.]])"
      ]
     },
     "execution_count": 5,
     "metadata": {},
     "output_type": "execute_result"
    }
   ],
   "source": [
    "x.dot(y)"
   ]
  },
  {
   "cell_type": "code",
   "execution_count": 6,
   "metadata": {},
   "outputs": [
    {
     "data": {
      "text/plain": [
       "array([[ 28.,  64.],\n",
       "       [ 67., 181.]])"
      ]
     },
     "execution_count": 6,
     "metadata": {},
     "output_type": "execute_result"
    }
   ],
   "source": [
    "# x.dot(y)는 np.dot(x,y) 와 동일\n",
    "\n",
    "np.dot(x,y)"
   ]
  },
  {
   "cell_type": "code",
   "execution_count": 7,
   "metadata": {},
   "outputs": [],
   "source": [
    "# 2차원 배열과 곱셈이 가능한 크기의 1차원 배열 간의 행렬 곱셈의 결과는 1차원 배열\n",
    "ones = np.ones(3)"
   ]
  },
  {
   "cell_type": "code",
   "execution_count": 8,
   "metadata": {},
   "outputs": [
    {
     "data": {
      "text/plain": [
       "array([ 6., 15.])"
      ]
     },
     "execution_count": 8,
     "metadata": {},
     "output_type": "execute_result"
    }
   ],
   "source": [
    "np.dot(x,ones)"
   ]
  },
  {
   "cell_type": "code",
   "execution_count": 9,
   "metadata": {},
   "outputs": [
    {
     "data": {
      "text/plain": [
       "array([ 6., 15.])"
      ]
     },
     "execution_count": 9,
     "metadata": {},
     "output_type": "execute_result"
    }
   ],
   "source": [
    "x @ np.ones(3)"
   ]
  },
  {
   "cell_type": "markdown",
   "metadata": {},
   "source": [
    "numpy.linalg 는 행렬의 분할, 역행렬, 행렬식과 같은 것을 포함"
   ]
  },
  {
   "cell_type": "code",
   "execution_count": 10,
   "metadata": {},
   "outputs": [],
   "source": [
    "from numpy.linalg import inv, qr\n",
    "\n",
    "rng = np.random.default_rng(seed = 12345)\n",
    "k = rng.standard_normal((5,5))"
   ]
  },
  {
   "cell_type": "code",
   "execution_count": 11,
   "metadata": {},
   "outputs": [
    {
     "data": {
      "text/plain": [
       "array([[ 0.15548538, -0.36723081, -0.52638547, -0.2300642 , -0.04646089],\n",
       "       [-0.36723081,  2.54917814,  3.47827334,  1.48196722,  0.22206454],\n",
       "       [-0.52638547,  3.47827334,  5.46389554,  2.46214396,  0.63467543],\n",
       "       [-0.2300642 ,  1.48196722,  2.46214396,  1.38302896,  0.33430132],\n",
       "       [-0.04646089,  0.22206454,  0.63467543,  0.33430132,  0.33879566]])"
      ]
     },
     "execution_count": 11,
     "metadata": {},
     "output_type": "execute_result"
    }
   ],
   "source": [
    "mat = k.T @ k\n",
    "inv(mat)"
   ]
  },
  {
   "cell_type": "code",
   "execution_count": 12,
   "metadata": {},
   "outputs": [
    {
     "data": {
      "text/plain": [
       "array([[ 1.00000000e+00,  4.99285027e-17, -2.32472626e-16,\n",
       "        -2.35388056e-16, -1.12575057e-18],\n",
       "       [ 1.55867966e-16,  1.00000000e+00,  9.98311990e-17,\n",
       "        -1.96348091e-16, -3.86511231e-16],\n",
       "       [-6.92418622e-17, -7.91606813e-16,  1.00000000e+00,\n",
       "         5.64803789e-16,  1.61057761e-16],\n",
       "       [-2.37101845e-16,  1.84817406e-15,  3.81257497e-15,\n",
       "         1.00000000e+00,  3.71349003e-16],\n",
       "       [ 9.72642079e-17,  2.31009855e-16, -7.19939179e-17,\n",
       "        -4.80724193e-16,  1.00000000e+00]])"
      ]
     },
     "execution_count": 12,
     "metadata": {},
     "output_type": "execute_result"
    }
   ],
   "source": [
    "mat @ inv(mat)"
   ]
  }
 ],
 "metadata": {
  "kernelspec": {
   "display_name": "base",
   "language": "python",
   "name": "python3"
  },
  "language_info": {
   "codemirror_mode": {
    "name": "ipython",
    "version": 3
   },
   "file_extension": ".py",
   "mimetype": "text/x-python",
   "name": "python",
   "nbconvert_exporter": "python",
   "pygments_lexer": "ipython3",
   "version": "3.10.9"
  },
  "orig_nbformat": 4
 },
 "nbformat": 4,
 "nbformat_minor": 2
}
